4294967294,0
13,78
13,77
4294967278,303
4294967279,190
13,76
4294967278,187
13,75
4294967278,186
4294967278,184
4294967279,185
4294967279,403
4294967279,442
4294967278,367
4294967278,366
4294967278,334
4294967278,333
4294967279,54
4294967279,53
4294967279,52
4294967279,51
4294967279,50
4294967279,49
4294967279,48
4294967279,47
4294967279,46
4294967279,43
4294967279,42
4294967279,40
4294967279,39
4294967279,38
4294967279,36
4294967279,34
4294967279,33
4294967279,32
4294967279,31
4294967279,30
4294967279,28
4294967279,27
4294967279,26
4294967279,25
4294967279,24
4294967279,22
4294967279,21
4294967279,20
4294967279,19
4294967279,14
4294967279,12
4294967279,11
4294967279,10
4294967278,299
4294967279,304
4294967278,365
4294967278,297
6,0
4294967278,296
4294967279,301
14,2
4294967279,398
4294967278,362
4294967278,361
4294967278,330
4294967279,162
4294967278,293
4294967278,292
4294967278,157
4294967278,148
4294967294,22
4294967294,99
4294967294,41
4294967294,84
4294967278,145
4294967294,93
4294967294,95
23,4
4294967278,144
23,3
23,2
23,1
4294967278,323
4294967294,9
4294967294,8
4294967294,1424
4294967294,45
4294967294,430
4294967294,44
4294967294,1421
4294967294,43
4294967294,53
4294967294,52
4294967294,51
4294967294,1247
4294967294,413
4294967294,1086
4294967294,1246
4294967294,29
4294967294,28
4294967294,27
4294967279,432
2,4
3,4
4294967278,322
4294967278,138
4294967278,137
4294967278,275
4294967279,276
4294967278,134
4294967278,274
4294967279,274
4294967279,387
4294967278,355
4294967278,283
4294967279,288
4294967279,267
4294967278,262
6,1
6,7
6,2
4294967278,261
4294967278,380
4294967278,353
4294967278,286
4294967279,259
4294967279,425
4294967279,423
4294967278,256
4294967279,437
4294967278,347
4294967279,421
13,74
4294967279,420
13,73
4294967279,255
4294967279,419
4294967278,378
4294967279,254
4294967278,253
4294967279,252
8,2
4294967279,250
4294967278,247
4294967279,417
4294967278,249
4294967279,248
4294967294,7
4294967279,247
4294967294,6
4294967278,244
4294967294,83
4294967279,244
4294967279,242
5,4
4294967279,241
4294967279,446
4294967279,237
4294967279,236
4294967279,235
4294967279,233
4294967278,231
4294967294,1425
4294967279,230
4294967279,228
4294967294,81
4294967294,1249
4294967278,227
4294967279,226
4294967279,224
4294967279,222
14,4
8,5
8,6
8,4
4,6
4294967279,221
4294967278,219
4294967279,218
4294967278,132
4294967278,131
4294967278,130
4294967278,129
4294967278,128
4294967278,127
4294967278,126
4294967278,125
4294967278,124
4294967278,123
4294967278,122
4294967278,121
4294967278,120
4294967278,119
4294967278,118
4294967278,117
4294967278,116
4294967278,115
4294967278,114
4294967278,113
4294967278,112
4294967278,111
4294967278,110
4294967278,109
4294967278,108
4294967278,107
4294967278,106
4294967278,105
4294967278,104
4294967278,103
4294967278,102
4294967278,101
4294967278,100
4294967278,99
4294967278,98
4294967278,97
4294967278,96
4294967278,95
4294967278,94
4294967278,93
4294967278,92
4294967278,91
4294967278,90
4294967278,89
4294967278,87
4294967278,86
4294967278,85
4294967278,84
4294967278,83
4294967278,82
4294967278,81
4294967278,80
4294967278,79
4294967278,78
4294967278,77
4294967278,76
4294967278,75
4294967278,74
4294967278,73
4294967278,72
4294967278,71
4294967278,70
4294967278,69
4294967278,68
4294967278,67
4294967278,66
4294967278,65
4294967278,64
4294967278,63
4294967279,87
4294967279,84
4294967279,83
4294967279,82
4294967279,79
4294967279,77
4294967279,76
4294967279,73
4294967279,70
4294967279,64
4294967279,62
4294967279,60
4294967279,59
4294967279,57
4294967279,55
4294967279,45
4294967279,44
4294967279,41
4294967279,37
4294967279,35
4294967279,29
4294967279,23
4294967279,18
4294967279,17
4294967279,16
4294967279,15
4294967279,13
4294967279,9
4294967279,8
4294967279,7
4294967279,6
4294967279,5
4294967279,4
6,5
4294967278,217
4294967279,217
4294967278,215
4294967279,280
4294967294,5
4294967279,214
0,5
4294967294,17
4294967294,42
4294967294,67
4294967294,76
4294967294,417
4294967294,1166
4,4
4294967294,12
4294967294,475
4294967294,25
4294967294,1423
4294967294,26
4294967294,1163
4294967294,82
4294967294,68
4294967294,11
4294967293,131
4294967293,130
4294967293,129
4294967293,128
4294967293,127
4294967293,126
4294967293,125
4294967293,124
4294967293,123
4294967293,122
4294967293,121
4294967293,120
4294967293,119
4294967293,118
4294967293,117
4294967293,116
4294967293,115
4294967293,114
4294967293,113
4294967293,112
4294967293,111
4294967293,110
4294967293,109
4294967293,108
4294967293,107
4294967293,106
4294967293,105
4294967293,104
4294967293,103
4294967293,102
4294967293,101
4294967293,100
4294967293,99
4294967293,98
4294967293,97
4294967293,96
